0, 0.000, -19.245, -18.832
0, 0.000, -19.245, -17.732
0, 0.020, -19.015, -17.301
0, 0.020, -19.009, -17.288
0, 0.000, -19.245, -18.757
0, 0.000, -19.242, -19.284
0, 0.000, -19.245, -18.152
1, 0.480, -13.513, -13.186
1, 0.120, -17.496, -16.038
1, 0.620, -12.791, -9.418
1, 0.580, -11.686, -13.245
1, 0.140, -19.094, -14.205
1, 0.060, -18.030, -15.034
1, 0.220, -17.527, -15.994
2, 0.540, -11.852, -8.728
2, 0.800, -9.808, -7.440
2, 0.860, -9.197, -7.506
2, 0.940, -7.981, -7.320
2, 0.840, -7.929, -6.856
2, 0.840, -8.235, -7.756
2, 0.900, -12.629, -13.779
3, 0.900, -7.828, -7.842
3, 0.860, -8.527, -6.546
3, 0.820, -8.332, -6.705
3, 0.940, -7.099, -7.027
3, 0.840, -8.089, -7.399
3, 0.800, -8.083, -7.480
3, 0.860, -12.585, -12.424
4, 0.920, -7.221, -7.095
4, 0.960, -7.017, -6.968
4, 0.940, -7.100, -7.193
4, 0.920, -7.692, -7.208
4, 0.960, -7.288, -7.098
4, 0.920, -7.498, -7.179
4, 0.920, -12.638, -11.840
5, 0.900, -7.595, -7.214
5, 0.980, -7.191, -6.809
5, 0.860, -7.311, -6.692
5, 0.960, -6.882, -6.751
5, 0.940, -7.260, -7.252
5, 0.940, -7.448, -7.381
5, 0.900, -12.470, -12.150
6, 0.900, -7.144, -6.434
6, 0.940, -7.446, -7.082
6, 0.900, -7.969, -6.935
6, 0.860, -7.652, -6.722
6, 0.820, -7.902, -7.092
6, 0.980, -7.082, -6.964
6, 0.980, -11.507, -11.630
7, 0.940, -7.163, -6.803
7, 0.980, -6.793, -6.768
7, 0.940, -7.807, -6.585
7, 0.880, -7.734, -6.889
7, 0.940, -6.777, -6.973
7, 0.960, -7.142, -7.288
7, 0.820, -12.795, -11.406
8, 0.940, -6.504, -6.619
8, 0.840, -8.599, -7.003
8, 0.960, -7.120, -6.900
8, 0.940, -7.787, -6.998
8, 0.900, -7.312, -6.664
8, 0.900, -7.763, -7.388
8, 0.980, -11.485, -11.513
9, 0.900, -7.726, -6.436
9, 0.940, -6.779, -7.176
9, 0.920, -7.414, -6.423
9, 0.980, -7.255, -6.906
9, 0.940, -7.485, -6.998
9, 1.000, -6.916, -7.153
9, 0.960, -12.247, -11.543
10, 0.900, -7.906, -6.517
10, 0.960, -6.603, -6.712
10, 0.940, -7.206, -6.909
10, 1.000, -7.273, -7.207
10, 0.980, -6.897, -6.546
10, 0.920, -7.798, -7.146
10, 0.960, -11.792, -11.278
11, 0.940, -6.404, -6.543
11, 0.960, -6.582, -6.426
11, 0.900, -7.714, -7.107
11, 0.960, -6.797, -6.729
11, 1.000, -6.476, -6.507
11, 0.900, -7.806, -6.874
11, 0.980, -11.361, -11.132
12, 0.800, -8.546, -6.390
12, 0.940, -6.621, -6.682
12, 0.980, -6.963, -6.793
12, 0.960, -7.064, -7.237
12, 0.920, -7.570, -6.857
12, 0.980, -6.736, -7.352
12, 0.940, -11.153, -11.405
13, 0.980, -6.879, -6.574
13, 0.900, -8.053, -6.743
13, 0.920, -7.306, -6.784
13, 0.880, -7.916, -6.892
13, 0.980, -7.059, -6.689
13, 0.960, -7.728, -7.037
13, 0.980, -11.977, -11.309
14, 0.900, -7.781, -7.322
14, 0.880, -7.944, -6.957
14, 0.960, -7.132, -6.862
14, 1.000, -6.913, -7.087
14, 0.980, -7.040, -6.445
14, 0.960, -7.529, -7.140
15, 0.940, -7.258, -6.706
15, 0.980, -6.549, -6.902
14, 0.840, -11.272, -10.826
15, 0.980, -6.684, -6.525
15, 0.920, -7.448, -6.533
15, 0.860, -7.478, -6.649
15, 0.960, -6.974, -6.945
16, 0.940, -7.154, -6.603
16, 0.940, -7.069, -6.897
16, 0.920, -7.478, -6.609
15, 0.960, -11.276, -11.558
16, 0.960, -6.693, -6.475
16, 0.920, -6.989, -6.492
16, 0.960, -7.464, -7.341
17, 0.900, -7.592, -6.941
17, 0.900, -7.296, -6.846
17, 0.960, -6.547, -6.854
16, 0.940, -11.912, -11.510
17, 0.900, -7.827, -6.741
17, 0.980, -6.409, -6.294
17, 0.920, -7.491, -6.878
18, 0.880, -7.721, -6.672
18, 0.920, -7.473, -6.748
18, 0.920, -6.894, -7.023
17, 0.980, -11.533, -11.075
18, 0.900, -7.693, -6.779
18, 0.940, -6.792, -6.529
18, 0.860, -8.083, -6.988
19, 0.840, -8.269, -6.374
19, 0.960, -6.501, -6.806
19, 0.980, -6.506, -6.602
18, 0.840, -12.080, -11.059
19, 1.000, -6.358, -6.606
19, 0.920, -7.603, -7.308
19, 0.980, -7.179, -7.162
20, 0.980, -7.111, -6.903
20, 0.880, -8.174, -6.863
20, 0.980, -6.451, -6.580
20, 1.000, -6.686, -7.207
19, 0.960, -11.272, -11.353
20, 0.920, -7.560, -6.839
20, 0.940, -7.220, -6.694
21, 0.900, -7.025, -6.573
21, 0.960, -7.276, -6.719
21, 0.840, -7.744, -6.830
21, 0.900, -7.973, -7.280
20, 0.940, -11.626, -11.692
21, 0.960, -6.948, -6.850
21, 0.820, -8.624, -6.617
22, 0.960, -7.246, -6.733
22, 0.860, -7.512, -6.592
22, 0.940, -7.231, -6.709
22, 0.900, -6.847, -6.669
21, 0.960, -11.415, -11.597
22, 0.980, -6.774, -6.630
22, 0.960, -7.702, -7.069
23, 0.900, -7.579, -6.720
23, 0.840, -8.045, -6.635
23, 0.940, -6.565, -7.130
23, 0.980, -6.983, -6.912
22, 0.780, -12.268, -11.165
23, 0.920, -6.904, -6.854
23, 0.940, -7.174, -6.748
24, 0.980, -6.361, -6.649
24, 0.940, -6.594, -6.658
24, 0.960, -6.678, -6.554
24, 0.960, -7.165, -6.892
23, 0.780, -11.953, -11.100
24, 0.980, -6.842, -6.734
24, 0.960, -7.213, -6.710
25, 0.940, -7.017, -7.020
25, 0.980, -6.771, -6.784
25, 0.940, -6.636, -6.439
25, 0.920, -7.420, -7.373
24, 0.980, -10.963, -10.608
25, 0.920, -7.411, -6.730
25, 0.960, -6.957, -6.650
26, 0.940, -6.472, -6.660
26, 0.920, -7.150, -7.004
26, 0.800, -7.332, -6.398
26, 0.900, -7.796, -7.271
25, 0.940, -11.319, -11.172
26, 0.920, -6.987, -6.710
26, 1.000, -6.407, -6.869
27, 0.940, -7.294, -6.796
27, 0.760, -7.973, -6.594
27, 0.880, -7.876, -6.286
27, 0.900, -7.858, -7.099
26, 0.920, -11.779, -11.188
27, 0.960, -6.778, -6.595
27, 0.920, -7.170, -6.367
28, 0.900, -6.861, -6.641
28, 0.880, -6.659, -6.495
28, 0.920, -7.401, -6.587
28, 0.960, -7.267, -6.856
28, 0.920, -7.227, -6.683
27, 0.960, -11.537, -11.055
29, 0.920, -7.330, -6.732
28, 0.980, -6.600, -6.878
29, 0.900, -7.257, -6.930
29, 0.920, -7.198, -6.151
29, 0.980, -6.546, -6.644
29, 0.940, -6.943, -6.327
28, 0.960, -11.228, -11.208
30, 0.940, -7.215, -6.788
29, 0.860, -7.341, -6.721
30, 0.960, -6.851, -6.973
30, 0.800, -6.611, -6.314
30, 0.980, -6.849, -7.140
30, 0.980, -6.877, -7.399
29, 0.880, -11.631, -11.179
31, 0.980, -6.606, -6.686
30, 0.960, -7.103, -7.236
31, 0.920, -7.615, -7.046
31, 0.940, -7.093, -6.431
31, 0.960, -6.682, -6.556
31, 1.000, -7.108, -6.873
30, 0.920, -11.372, -10.782
32, 0.940, -7.198, -7.048
31, 0.920, -7.644, -6.871
32, 0.940, -7.279, -7.027
32, 0.960, -6.586, -6.348
32, 1.000, -6.468, -6.552
32, 0.960, -7.463, -7.147
33, 0.940, -7.356, -7.017
31, 0.940, -11.036, -11.036
32, 0.920, -7.767, -6.876
33, 0.880, -7.659, -6.699
33, 0.920, -7.540, -6.612
33, 0.960, -6.868, -6.894
33, 0.980, -6.748, -6.771
34, 0.880, -7.526, -6.769
32, 0.920, -10.929, -10.623
33, 0.960, -6.937, -6.902
34, 0.940, -7.058, -6.777
34, 0.920, -6.897, -6.624
34, 0.980, -6.167, -6.766
34, 1.000, -6.627, -6.564
33, 1.000, -11.287, -11.214
34, 1.000, -6.509, -6.891
34, 0.940, -11.157, -11.110
