0, 0.260, -7.548, -6.611
0, 0.280, -7.308, -6.977
0, 0.100, -8.615, -7.197
0, 0.300, -7.169, -7.136
0, 0.180, -8.269, -7.121
0, 0.300, -7.258, -7.307
0, 0.200, -7.893, -7.039
1, 0.200, -7.881, -6.898
1, 0.100, -8.716, -8.113
1, 0.380, -6.701, -6.650
1, 0.280, -7.100, -6.214
1, 0.180, -8.238, -8.034
1, 0.340, -6.769, -5.977
1, 0.200, -7.967, -6.119
2, 0.320, -6.869, -5.988
2, 0.200, -7.885, -6.824
2, 0.260, -7.591, -6.435
2, 0.340, -6.964, -6.568
2, 0.280, -7.344, -6.792
2, 0.200, -8.056, -7.500
2, 0.360, -6.764, -5.723
3, 0.180, -8.063, -6.975
3, 0.340, -6.901, -6.762
3, 0.160, -8.374, -7.774
3, 0.200, -8.061, -7.435
3, 0.300, -7.541, -7.029
3, 0.240, -7.787, -6.793
3, 0.420, -6.183, -4.813
4, 0.220, -7.964, -7.242
4, 0.400, -6.376, -5.581
4, 0.220, -7.705, -6.570
4, 0.180, -7.996, -7.088
4, 0.280, -7.571, -6.762
4, 0.260, -7.427, -6.633
4, 0.320, -7.148, -6.705
5, 0.300, -7.446, -7.556
5, 0.280, -7.421, -6.578
5, 0.260, -7.280, -6.538
5, 0.300, -7.234, -6.803
5, 0.260, -7.641, -7.213
5, 0.380, -6.874, -5.975
5, 0.360, -6.654, -6.060
6, 0.360, -7.105, -6.890
6, 0.260, -7.588, -7.202
6, 0.360, -6.532, -5.829
6, 0.280, -7.654, -7.268
6, 0.260, -7.505, -6.624
6, 0.380, -7.153, -6.594
6, 0.260, -7.541, -7.047
7, 0.400, -6.298, -6.011
7, 0.300, -7.264, -6.878
7, 0.300, -7.168, -6.568
7, 0.240, -7.616, -6.966
7, 0.360, -6.836, -6.239
7, 0.400, -6.500, -5.928
7, 0.200, -8.096, -7.016
8, 0.240, -8.068, -7.241
8, 0.340, -6.863, -6.217
8, 0.380, -6.756, -6.259
8, 0.300, -7.152, -6.348
8, 0.420, -6.069, -5.710
8, 0.320, -7.036, -6.534
8, 0.320, -7.169, -5.820
9, 0.360, -6.978, -6.241
9, 0.360, -7.050, -6.445
9, 0.500, -5.840, -5.575
9, 0.300, -7.128, -6.347
9, 0.360, -7.111, -6.302
9, 0.320, -7.503, -6.756
9, 0.320, -7.124, -6.806
10, 0.400, -6.536, -6.081
10, 0.240, -7.930, -6.752
10, 0.240, -7.674, -6.859
10, 0.320, -7.364, -6.535
10, 0.280, -7.510, -7.072
10, 0.400, -6.557, -6.375
10, 0.360, -6.913, -6.334
11, 0.400, -6.326, -5.886
11, 0.360, -6.919, -6.064
11, 0.360, -7.019, -6.594
11, 0.360, -6.837, -5.815
11, 0.300, -7.325, -6.846
11, 0.220, -8.127, -7.304
11, 0.300, -7.374, -6.784
12, 0.360, -6.714, -6.369
12, 0.400, -6.592, -6.244
12, 0.400, -6.593, -6.476
12, 0.240, -7.702, -6.716
12, 0.320, -7.136, -6.482
12, 0.340, -7.288, -6.900
12, 0.400, -6.398, -5.923
13, 0.320, -7.671, -7.115
13, 0.300, -7.415, -6.811
13, 0.360, -6.782, -6.377
13, 0.420, -6.413, -6.096
13, 0.260, -8.138, -7.473
13, 0.260, -7.988, -7.267
13, 0.420, -6.711, -6.412
14, 0.440, -6.351, -6.170
14, 0.340, -7.032, -6.918
14, 0.320, -7.651, -6.986
14, 0.440, -6.855, -6.436
14, 0.480, -5.765, -5.444
14, 0.300, -7.352, -6.817
14, 0.320, -7.216, -6.831
15, 0.360, -7.116, -5.825
15, 0.380, -6.964, -6.251
15, 0.200, -8.057, -7.401
15, 0.220, -8.039, -7.395
15, 0.400, -6.549, -6.432
15, 0.520, -6.103, -5.784
15, 0.380, -7.105, -6.792
16, 0.340, -6.841, -6.625
16, 0.380, -6.798, -6.189
16, 0.300, -7.454, -6.996
16, 0.480, -5.902, -5.569
16, 0.380, -6.778, -6.218
16, 0.460, -6.142, -5.890
16, 0.420, -6.463, -6.130
17, 0.360, -6.920, -6.482
17, 0.380, -6.849, -6.705
17, 0.400, -6.643, -6.232
17, 0.360, -6.798, -6.340
17, 0.460, -6.374, -5.917
17, 0.400, -6.377, -6.107
17, 0.340, -7.257, -7.108
18, 0.340, -6.894, -6.208
18, 0.340, -7.056, -6.506
18, 0.440, -6.236, -5.759
18, 0.360, -7.205, -6.260
18, 0.400, -6.816, -6.206
18, 0.360, -7.025, -6.674
18, 0.300, -7.727, -7.265
19, 0.440, -6.404, -6.566
19, 0.360, -7.126, -6.930
19, 0.380, -7.068, -6.489
19, 0.400, -6.472, -5.581
19, 0.320, -7.569, -7.143
19, 0.280, -7.473, -6.891
19, 0.380, -6.994, -6.294
20, 0.400, -6.475, -6.079
20, 0.300, -7.396, -6.332
20, 0.380, -7.244, -6.550
20, 0.340, -7.336, -6.843
20, 0.500, -6.395, -5.876
20, 0.420, -6.248, -5.414
20, 0.460, -6.005, -5.035
21, 0.520, -5.864, -5.808
21, 0.380, -6.809, -6.465
21, 0.280, -7.702, -6.971
21, 0.400, -6.438, -5.938
21, 0.360, -6.654, -6.075
21, 0.280, -7.381, -6.695
21, 0.380, -7.103, -6.307
22, 0.520, -5.997, -5.873
22, 0.400, -6.749, -5.973
22, 0.420, -6.606, -6.146
22, 0.340, -7.271, -7.291
22, 0.360, -6.765, -5.693
22, 0.480, -6.191, -6.073
22, 0.480, -6.649, -6.358
23, 0.480, -6.357, -6.063
23, 0.380, -6.917, -6.530
23, 0.300, -7.393, -7.059
23, 0.340, -7.305, -6.828
23, 0.560, -5.772, -5.561
23, 0.500, -5.974, -5.597
24, 0.520, -5.966, -5.593
23, 0.380, -7.033, -6.457
24, 0.220, -7.928, -6.658
24, 0.440, -6.465, -5.975
24, 0.340, -6.822, -5.888
24, 0.440, -6.772, -6.452
24, 0.340, -7.547, -7.035
25, 0.280, -7.905, -6.989
24, 0.460, -6.116, -5.572
25, 0.380, -6.235, -5.387
25, 0.280, -7.544, -6.417
25, 0.320, -7.283, -6.287
25, 0.420, -6.715, -6.758
25, 0.380, -6.660, -5.978
26, 0.560, -5.123, -5.031
25, 0.340, -6.885, -5.924
26, 0.380, -6.843, -6.404
26, 0.460, -6.443, -5.972
26, 0.320, -7.268, -6.781
26, 0.320, -7.207, -6.223
26, 0.200, -8.101, -6.884
27, 0.300, -7.304, -6.809
26, 0.420, -6.592, -6.128
27, 0.480, -6.089, -6.124
27, 0.500, -5.997, -5.578
27, 0.500, -6.008, -6.003
27, 0.600, -5.307, -4.749
27, 0.420, -6.591, -6.199
28, 0.500, -6.394, -6.253
27, 0.260, -7.754, -7.298
28, 0.380, -6.764, -6.035
28, 0.340, -7.283, -6.875
28, 0.300, -7.415, -7.213
28, 0.500, -6.169, -5.994
28, 0.300, -7.662, -7.019
29, 0.440, -6.242, -6.078
28, 0.400, -7.097, -6.983
29, 0.300, -7.299, -7.045
29, 0.580, -5.264, -5.391
29, 0.420, -6.841, -6.699
29, 0.500, -5.971, -5.978
30, 0.560, -5.236, -5.241
29, 0.380, -6.924, -6.254
29, 0.320, -7.323, -6.892
30, 0.360, -7.291, -6.602
30, 0.440, -6.219, -5.492
30, 0.420, -6.506, -6.064
30, 0.280, -7.554, -6.855
31, 0.460, -6.283, -6.169
30, 0.400, -6.608, -6.256
30, 0.440, -6.602, -5.857
31, 0.480, -6.028, -5.592
31, 0.420, -6.704, -6.414
31, 0.400, -6.780, -6.121
31, 0.500, -6.219, -5.766
32, 0.300, -7.264, -6.699
31, 0.300, -7.816, -7.461
31, 0.520, -5.973, -5.659
32, 0.320, -7.426, -6.874
32, 0.320, -7.430, -6.708
32, 0.420, -6.301, -5.383
32, 0.380, -7.255, -6.669
33, 0.320, -7.570, -7.059
32, 0.340, -7.274, -6.924
32, 0.540, -5.912, -5.543
33, 0.240, -8.203, -7.130
33, 0.440, -6.439, -6.482
33, 0.380, -6.775, -5.714
33, 0.220, -8.290, -7.190
34, 0.300, -7.483, -6.785
33, 0.400, -6.574, -5.472
33, 0.440, -6.775, -6.461
34, 0.380, -6.666, -6.151
34, 0.440, -6.139, -5.801
34, 0.420, -6.341, -6.279
34, 0.420, -6.543, -6.048
35, 0.440, -6.677, -6.312
34, 0.360, -7.244, -6.395
34, 0.500, -6.409, -5.835
35, 0.400, -7.038, -6.346
35, 0.280, -7.672, -7.449
35, 0.400, -6.831, -6.188
35, 0.460, -6.433, -6.242
36, 0.400, -7.039, -6.846
35, 0.460, -6.505, -6.100
36, 0.300, -7.193, -6.629
36, 0.540, -5.586, -5.253
35, 0.480, -6.131, -5.543
36, 0.320, -7.500, -7.289
36, 0.500, -6.029, -5.777
37, 0.400, -6.776, -6.607
36, 0.440, -6.436, -6.136
37, 0.480, -6.705, -5.958
37, 0.420, -6.615, -6.515
36, 0.380, -6.910, -6.253
37, 0.380, -6.805, -6.483
37, 0.460, -6.491, -5.816
38, 0.460, -6.605, -5.706
37, 0.540, -6.145, -5.814
38, 0.380, -7.176, -6.475
38, 0.260, -7.567, -7.002
37, 0.440, -6.256, -5.867
38, 0.300, -7.393, -6.963
38, 0.540, -5.821, -5.838
39, 0.500, -6.074, -6.099
38, 0.440, -6.610, -6.377
39, 0.440, -6.386, -5.953
39, 0.320, -7.378, -6.782
38, 0.440, -6.160, -5.787
39, 0.340, -7.133, -6.694
39, 0.500, -6.330, -6.046
40, 0.380, -7.081, -6.650
39, 0.420, -6.788, -6.329
40, 0.480, -6.085, -6.039
40, 0.400, -6.801, -6.291
39, 0.360, -6.984, -6.088
40, 0.340, -7.189, -6.942
40, 0.340, -7.249, -6.652
41, 0.420, -6.605, -6.325
40, 0.360, -6.659, -6.713
41, 0.320, -7.527, -6.700
41, 0.560, -5.450, -5.381
40, 0.440, -6.560, -6.194
41, 0.360, -7.324, -6.405
41, 0.420, -6.761, -6.342
42, 0.360, -6.869, -6.654
42, 0.360, -6.526, -6.045
41, 0.380, -7.065, -6.993
42, 0.320, -7.366, -7.406
41, 0.440, -6.887, -6.394
42, 0.440, -6.359, -6.004
42, 0.500, -6.413, -6.103
43, 0.460, -6.411, -6.292
43, 0.360, -7.121, -6.648
42, 0.360, -7.312, -6.680
43, 0.360, -7.077, -6.691
42, 0.480, -6.101, -5.428
43, 0.460, -6.407, -6.189
43, 0.500, -6.560, -5.536
44, 0.360, -7.025, -6.492
44, 0.460, -6.410, -6.273
43, 0.420, -6.952, -6.389
44, 0.500, -6.148, -6.107
43, 0.400, -6.666, -6.212
44, 0.500, -6.053, -5.609
44, 0.500, -6.209, -5.586
45, 0.500, -6.041, -5.820
45, 0.360, -7.148, -6.361
44, 0.360, -6.927, -6.122
45, 0.620, -5.523, -5.508
44, 0.380, -6.807, -6.411
45, 0.560, -5.357, -5.016
45, 0.540, -5.580, -5.598
46, 0.440, -6.410, -6.223
46, 0.380, -6.717, -6.421
45, 0.400, -6.966, -6.926
46, 0.380, -6.813, -6.453
45, 0.420, -6.792, -6.155
46, 0.420, -7.097, -7.072
46, 0.520, -5.849, -5.966
47, 0.440, -6.826, -6.861
47, 0.440, -6.698, -6.558
46, 0.380, -6.513, -6.019
47, 0.380, -6.916, -6.228
46, 0.400, -6.451, -5.560
47, 0.400, -7.010, -6.649
47, 0.420, -7.028, -6.534
48, 0.380, -6.758, -6.790
48, 0.480, -6.359, -5.867
47, 0.560, -5.898, -6.014
48, 0.500, -6.070, -5.945
47, 0.320, -7.440, -7.283
48, 0.440, -6.429, -7.108
48, 0.420, -6.606, -6.279
49, 0.420, -6.577, -6.582
49, 0.460, -6.310, -6.080
48, 0.420, -6.919, -6.332
49, 0.360, -7.156, -7.007
48, 0.460, -6.014, -5.831
49, 0.340, -6.941, -6.624
49, 0.440, -6.612, -6.300
49, 0.340, -7.281, -6.823
49, 0.460, -6.460, -6.355
