0, 0.360, -7.050, -6.357
0, 0.460, -6.680, -5.843
0, 0.400, -7.237, -6.007
0, 0.360, -8.120, -7.635
0, 0.320, -8.191, -8.109
0, 0.260, -8.048, -5.878
0, 0.220, -8.520, -6.598
1, 0.380, -7.503, -7.555
1, 0.600, -7.023, -7.051
1, 0.300, -7.736, -7.404
1, 0.300, -7.603, -6.665
1, 0.300, -7.712, -6.098
1, 0.320, -7.931, -6.459
1, 0.260, -8.036, -5.986
2, 0.440, -7.058, -6.905
2, 0.600, -7.219, -6.871
2, 0.320, -8.020, -7.214
2, 0.260, -8.102, -7.046
2, 0.200, -8.338, -6.687
2, 0.440, -7.709, -7.230
2, 0.380, -7.474, -6.961
3, 0.460, -6.944, -7.266
3, 0.720, -6.845, -6.640
3, 0.400, -7.375, -7.822
3, 0.560, -6.993, -6.547
3, 0.380, -7.257, -6.881
3, 0.460, -7.455, -7.078
3, 0.500, -6.781, -7.214
4, 0.460, -7.663, -7.112
4, 0.560, -7.183, -7.506
4, 0.420, -7.100, -6.573
4, 0.620, -6.287, -7.018
4, 0.680, -6.760, -6.395
4, 0.520, -7.801, -7.460
4, 0.440, -7.192, -6.812
5, 0.400, -7.264, -6.702
5, 0.420, -7.028, -7.267
5, 0.480, -6.661, -6.239
5, 0.540, -7.507, -7.533
5, 0.800, -6.246, -6.424
5, 0.480, -7.337, -7.033
5, 0.680, -6.355, -7.058
6, 0.700, -6.583, -7.653
6, 0.320, -7.938, -6.464
6, 0.440, -7.221, -7.173
6, 0.480, -7.601, -7.452
6, 0.740, -6.182, -6.546
6, 0.640, -6.829, -6.783
6, 0.860, -6.721, -7.134
7, 0.680, -6.295, -6.981
7, 0.600, -6.649, -6.561
7, 0.440, -7.503, -7.890
7, 0.600, -7.379, -7.173
7, 0.960, -5.731, -6.466
7, 0.660, -6.730, -7.038
7, 0.860, -6.737, -6.597
8, 0.700, -6.854, -7.266
8, 0.520, -6.662, -6.857
8, 0.520, -7.030, -6.925
8, 0.820, -6.133, -7.176
8, 0.860, -5.929, -6.344
8, 0.720, -6.513, -6.667
8, 0.840, -6.152, -6.359
9, 0.820, -6.024, -6.774
9, 0.500, -6.418, -7.336
9, 0.840, -6.482, -6.668
9, 0.720, -6.422, -6.969
9, 0.780, -6.531, -6.264
9, 0.680, -6.930, -6.858
9, 0.860, -6.345, -6.814
10, 0.820, -6.481, -6.297
10, 0.440, -6.920, -6.670
10, 0.640, -6.807, -6.869
10, 0.720, -6.358, -6.759
10, 0.700, -6.783, -6.163
10, 0.940, -5.383, -6.511
10, 0.860, -6.574, -6.470
11, 0.820, -6.268, -6.439
11, 0.800, -6.285, -6.302
11, 0.700, -6.266, -7.087
11, 0.820, -6.010, -6.359
11, 0.720, -6.398, -6.790
11, 0.820, -5.934, -6.905
11, 0.880, -6.461, -6.404
12, 0.900, -5.993, -6.466
12, 0.860, -5.893, -6.725
12, 0.700, -5.969, -6.783
12, 0.680, -6.872, -5.923
12, 0.820, -6.442, -7.094
12, 0.660, -6.337, -6.758
12, 0.800, -6.398, -6.294
13, 0.920, -5.959, -6.317
13, 0.780, -6.039, -7.075
13, 0.600, -6.977, -7.463
13, 0.540, -7.293, -6.324
13, 0.840, -6.227, -6.128
13, 0.640, -6.526, -6.396
13, 0.860, -5.938, -6.244
14, 0.780, -6.168, -6.392
14, 0.760, -6.418, -6.037
14, 0.760, -6.462, -6.642
14, 0.800, -6.213, -6.587
14, 0.900, -5.844, -6.165
14, 0.640, -5.912, -6.123
14, 0.800, -6.622, -6.753
15, 0.860, -6.123, -6.624
15, 0.800, -6.297, -6.168
15, 0.760, -6.424, -6.486
15, 0.780, -6.369, -6.355
15, 0.960, -5.686, -6.592
15, 0.720, -6.083, -6.590
15, 0.900, -6.316, -6.512
16, 0.840, -6.733, -6.716
16, 0.820, -6.536, -6.799
16, 0.880, -5.797, -6.494
16, 0.780, -6.287, -5.918
16, 0.860, -5.794, -6.554
16, 0.900, -5.793, -6.666
16, 0.900, -6.132, -6.247
17, 0.860, -6.192, -5.954
17, 0.820, -6.132, -7.020
17, 0.960, -4.981, -6.556
17, 0.860, -5.734, -6.347
17, 0.920, -5.627, -5.985
17, 0.840, -6.347, -7.032
17, 0.860, -6.292, -6.220
18, 0.800, -5.976, -6.180
18, 0.900, -5.890, -6.635
18, 0.840, -5.859, -6.339
18, 0.920, -5.881, -6.613
18, 0.840, -5.851, -6.263
18, 0.840, -6.314, -7.302
18, 0.960, -5.498, -6.042
19, 0.780, -6.356, -6.162
19, 0.760, -6.561, -6.678
19, 0.860, -5.579, -6.033
19, 0.800, -6.264, -6.420
19, 0.960, -5.719, -7.099
19, 0.840, -6.011, -5.677
19, 0.880, -6.241, -6.175
20, 0.880, -5.673, -5.899
20, 0.940, -5.631, -6.387
20, 0.860, -5.814, -6.431
20, 0.920, -5.523, -6.173
20, 0.580, -7.182, -6.683
20, 0.900, -6.284, -6.311
20, 0.760, -6.245, -6.147
21, 0.840, -6.322, -6.553
21, 0.580, -6.956, -6.245
21, 0.900, -6.158, -6.653
21, 0.880, -5.831, -6.300
21, 0.980, -5.436, -6.205
21, 0.780, -6.240, -6.551
21, 0.780, -6.203, -6.784
22, 0.940, -6.055, -6.317
22, 0.900, -5.627, -6.204
22, 0.560, -7.364, -6.074
22, 0.860, -6.191, -6.562
22, 0.860, -5.877, -5.947
22, 0.780, -6.291, -6.472
22, 0.860, -6.161, -6.535
23, 0.840, -5.790, -6.600
23, 0.820, -6.209, -6.539
23, 0.940, -5.495, -6.306
23, 0.860, -6.052, -6.393
23, 0.860, -6.329, -6.070
23, 0.940, -5.985, -6.201
23, 0.940, -5.547, -6.413
24, 0.840, -6.123, -6.377
24, 0.920, -5.918, -6.381
24, 0.900, -5.637, -5.677
24, 0.860, -5.535, -6.225
24, 0.760, -6.577, -6.201
24, 0.900, -5.911, -6.369
24, 0.920, -5.622, -6.565
